0
0.000976563
0.001953125
0.002929688
0.00390625
0.004882813
0.005859375
0.006835938
0.0078125
0.008789063
0.009765625
0.010742188
0.01171875
0.012695313
0.013671875
0.014648438
0.015625
0.016601563
0.017578125
0.018554688
0.01953125
0.020507813
0.021484375
0.022460938
0.0234375
0.024414063
0.025390625
0.026367188
0.02734375
0.028320313
0.029296875
0.030273438
0.03125
0.032226563
0.033203125
0.034179688
0.03515625
0.036132813
0.037109375
0.038085938
0.0390625
0.040039063
0.041015625
0.041992188
0.04296875
0.043945313
0.044921875
0.045898438
0.046875
0.047851563
0.048828125
0.049804688
0.05078125
0.051757813
0.052734375
0.053710938
0.0546875
0.055664063
0.056640625
0.057617188
0.05859375
0.059570313
0.060546875
0.061523438
0.0625
0.063476563
0.064453125
0.065429688
0.06640625
0.067382813
0.068359375
0.069335938
0.0703125
0.071289063
0.072265625
0.073242188
0.07421875
0.075195313
0.076171875
0.077148438
0.078125
0.079101563
0.080078125
0.081054688
0.08203125
0.083007813
0.083984375
0.084960938
0.0859375
0.086914063
0.087890625
0.088867188
0.08984375
0.090820313
0.091796875
0.092773438
0.09375
0.094726563
0.095703125
0.096679688
0.09765625
0.098632813
0.099609375
0.100585938
0.1015625
0.102539063
0.103515625
0.104492188
0.10546875
0.106445313
0.107421875
0.108398438
0.109375
0.110351563
0.111328125
0.112304688
0.11328125
0.114257813
0.115234375
0.116210938
0.1171875
0.118164063
0.119140625
0.120117188
0.12109375
0.122070313
0.123046875
0.124023438
0.125
0.125976563
0.126953125
0.127929688
0.12890625
0.129882813
0.130859375
0.131835938
0.1328125
0.133789063
0.134765625
0.135742188
0.13671875
0.137695313
0.138671875
0.139648438
0.140625
0.141601563
0.142578125
0.143554688
0.14453125
0.145507813
0.146484375
0.147460938
0.1484375
0.149414063
0.150390625
0.151367188
0.15234375
0.153320313
0.154296875
0.155273438
0.15625
0.157226563
0.158203125
0.159179688
0.16015625
0.161132813
0.162109375
0.163085938
0.1640625
0.165039063
0.166015625
0.166992188
0.16796875
0.168945313
0.169921875
0.170898438
0.171875
0.172851563
0.173828125
0.174804688
0.17578125
0.176757813
0.177734375
0.178710938
0.1796875
0.180664063
0.181640625
0.182617188
0.18359375
0.184570313
0.185546875
0.186523438
0.1875
0.188476563
0.189453125
0.190429688
0.19140625
0.192382813
0.193359375
0.194335938
0.1953125
0.196289063
0.197265625
0.198242188
0.19921875
0.200195313
0.201171875
0.202148438
0.203125
0.204101563
0.205078125
0.206054688
0.20703125
0.208007813
0.208984375
0.209960938
0.2109375
0.211914063
0.212890625
0.213867188
0.21484375
0.215820313
0.216796875
0.217773438
0.21875
0.219726563
0.220703125
0.221679688
0.22265625
0.223632813
0.224609375
0.225585938
0.2265625
0.227539063
0.228515625
0.229492188
0.23046875
0.231445313
0.232421875
0.233398438
0.234375
0.235351563
0.236328125
0.237304688
0.23828125
0.239257813
0.240234375
0.241210938
0.2421875
0.243164063
0.244140625
0.245117188
0.24609375
0.247070313
0.248046875
0.249023438
0.25
0.250976563
0.251953125
0.252929688
0.25390625
0.254882813
0.255859375
0.256835938
0.2578125
0.258789063
0.259765625
0.260742188
0.26171875
0.262695313
0.263671875
0.264648438
0.265625
0.266601563
0.267578125
0.268554688
0.26953125
0.270507813
0.271484375
0.272460938
0.2734375
0.274414063
0.275390625
0.276367188
0.27734375
0.278320313
0.279296875
0.280273438
0.28125
0.282226563
0.283203125
0.284179688
0.28515625
0.286132813
0.287109375
0.288085938
0.2890625
0.290039063
0.291015625
0.291992188
0.29296875
0.293945313
0.294921875
0.295898438
0.296875
0.297851563
0.298828125
0.299804688
0.30078125
0.301757813
0.302734375
0.303710938
0.3046875
0.305664063
0.306640625
0.307617188
0.30859375
0.309570313
0.310546875
0.311523438
0.3125
0.313476563
0.314453125
0.315429688
0.31640625
0.317382813
0.318359375
0.319335938
0.3203125
0.321289063
0.322265625
0.323242188
0.32421875
0.325195313
0.326171875
0.327148438
0.328125
0.329101563
0.330078125
0.331054688
0.33203125
0.333007813
0.333984375
0.334960938
0.3359375
0.336914063
0.337890625
0.338867188
0.33984375
0.340820313
0.341796875
0.342773438
0.34375
0.344726563
0.345703125
0.346679688
0.34765625
0.348632813
0.349609375
0.350585938
0.3515625
0.352539063
0.353515625
0.354492188
0.35546875
0.356445313
0.357421875
0.358398438
0.359375
0.360351563
0.361328125
0.362304688
0.36328125
0.364257813
0.365234375
0.366210938
0.3671875
0.368164063
0.369140625
0.370117188
0.37109375
0.372070313
0.373046875
0.374023438
0.375
0.375976563
0.376953125
0.377929688
0.37890625
0.379882813
0.380859375
0.381835938
0.3828125
0.383789063
0.384765625
0.385742188
0.38671875
0.387695313
0.388671875
0.389648438
0.390625
0.391601563
0.392578125
0.393554688
0.39453125
0.395507813
0.396484375
0.397460938
0.3984375
0.399414063
0.400390625
0.401367188
0.40234375
0.403320313
0.404296875
0.405273438
0.40625
0.407226563
0.408203125
0.409179688
0.41015625
0.411132813
0.412109375
0.413085938
0.4140625
0.415039063
0.416015625
0.416992188
0.41796875
0.418945313
0.419921875
0.420898438
0.421875
0.422851563
0.423828125
0.424804688
0.42578125
0.426757813
0.427734375
0.428710938
0.4296875
0.430664063
0.431640625
0.432617188
0.43359375
0.434570313
0.435546875
0.436523438
0.4375
0.438476563
0.439453125
0.440429688
0.44140625
0.442382813
0.443359375
0.444335938
0.4453125
0.446289063
0.447265625
0.448242188
0.44921875
0.450195313
0.451171875
0.452148438
0.453125
0.454101563
0.455078125
0.456054688
0.45703125
0.458007813
0.458984375
0.459960938
0.4609375
0.461914063
0.462890625
0.463867188
0.46484375
0.465820313
0.466796875
0.467773438
0.46875
0.469726563
0.470703125
0.471679688
0.47265625
0.473632813
0.474609375
0.475585938
0.4765625
0.477539063
0.478515625
0.479492188
0.48046875
0.481445313
0.482421875
0.483398438
0.484375
0.485351563
0.486328125
0.487304688
0.48828125
0.489257813
0.490234375
0.491210938
0.4921875
0.493164063
0.494140625
0.495117188
0.49609375
0.497070313
0.498046875
0.499023438
0.5
0.500976563
0.501953125
0.502929688
0.50390625
0.504882813
0.505859375
0.506835938
0.5078125
0.508789063
0.509765625
0.510742188
0.51171875
0.512695313
0.513671875
0.514648438
0.515625
0.516601563
0.517578125
0.518554688
0.51953125
0.520507813
0.521484375
0.522460938
0.5234375
0.524414063
0.525390625
0.526367188
0.52734375
0.528320313
0.529296875
0.530273438
0.53125
0.532226563
0.533203125
0.534179688
0.53515625
0.536132813
0.537109375
0.538085938
0.5390625
0.540039063
0.541015625
0.541992188
0.54296875
0.543945313
0.544921875
0.545898438
0.546875
0.547851563
0.548828125
0.549804688
0.55078125
0.551757813
0.552734375
0.553710938
0.5546875
0.555664063
0.556640625
0.557617188
0.55859375
0.559570313
0.560546875
0.561523438
0.5625
0.563476563
0.564453125
0.565429688
0.56640625
0.567382813
0.568359375
0.569335938
0.5703125
0.571289063
0.572265625
0.573242188
0.57421875
0.575195313
0.576171875
0.577148438
0.578125
0.579101563
0.580078125
0.581054688
0.58203125
0.583007813
0.583984375
0.584960938
0.5859375
0.586914063
0.587890625
0.588867188
0.58984375
0.590820313
0.591796875
0.592773438
0.59375
0.594726563
0.595703125
0.596679688
0.59765625
0.598632813
0.599609375
0.600585938
0.6015625
0.602539063
0.603515625
0.604492188
0.60546875
0.606445313
0.607421875
0.608398438
0.609375
0.610351563
0.611328125
0.612304688
0.61328125
0.614257813
0.615234375
0.616210938
0.6171875
0.618164063
0.619140625
0.620117188
0.62109375
0.622070313
0.623046875
0.624023438
0.625
0.625976563
0.626953125
0.627929688
0.62890625
0.629882813
0.630859375
0.631835938
0.6328125
0.633789063
0.634765625
0.635742188
0.63671875
0.637695313
0.638671875
0.639648438
0.640625
0.641601563
0.642578125
0.643554688
0.64453125
0.645507813
0.646484375
0.647460938
0.6484375
0.649414063
0.650390625
0.651367188
0.65234375
0.653320313
0.654296875
0.655273438
0.65625
0.657226563
0.658203125
0.659179688
0.66015625
0.661132813
0.662109375
0.663085938
0.6640625
0.665039063
0.666015625
0.666992188
0.66796875
0.668945313
0.669921875
0.670898438
0.671875
0.672851563
0.673828125
0.674804688
0.67578125
0.676757813
0.677734375
0.678710938
0.6796875
0.680664063
0.681640625
0.682617188
0.68359375
0.684570313
0.685546875
0.686523438
0.6875
0.688476563
0.689453125
0.690429688
0.69140625
0.692382813
0.693359375
0.694335938
0.6953125
0.696289063
0.697265625
0.698242188
0.69921875
0.700195313
0.701171875
0.702148438
0.703125
0.704101563
0.705078125
0.706054688
0.70703125
0.708007813
0.708984375
0.709960938
0.7109375
0.711914063
0.712890625
0.713867188
0.71484375
0.715820313
0.716796875
0.717773438
0.71875
0.719726563
0.720703125
0.721679688
0.72265625
0.723632813
0.724609375
0.725585938
0.7265625
0.727539063
0.728515625
0.729492188
0.73046875
0.731445313
0.732421875
0.733398438
0.734375
0.735351563
0.736328125
0.737304688
0.73828125
0.739257813
0.740234375
0.741210938
0.7421875
0.743164063
0.744140625
0.745117188
0.74609375
0.747070313
0.748046875
0.749023438
0.75
0.750976563
0.751953125
0.752929688
0.75390625
0.754882813
0.755859375
0.756835938
0.7578125
0.758789063
0.759765625
0.760742188
0.76171875
0.762695313
0.763671875
0.764648438
0.765625
0.766601563
0.767578125
0.768554688
0.76953125
0.770507813
0.771484375
0.772460938
0.7734375
0.774414063
0.775390625
0.776367188
0.77734375
0.778320313
0.779296875
0.780273438
0.78125
0.782226563
0.783203125
0.784179688
0.78515625
0.786132813
0.787109375
0.788085938
0.7890625
0.790039063
0.791015625
0.791992188
0.79296875
0.793945313
0.794921875
0.795898438
0.796875
0.797851563
0.798828125
0.799804688
0.80078125
0.801757813
0.802734375
0.803710938
0.8046875
0.805664063
0.806640625
0.807617188
0.80859375
0.809570313
0.810546875
0.811523438
0.8125
0.813476563
0.814453125
0.815429688
0.81640625
0.817382813
0.818359375
0.819335938
0.8203125
0.821289063
0.822265625
0.823242188
0.82421875
0.825195313
0.826171875
0.827148438
0.828125
0.829101563
0.830078125
0.831054688
0.83203125
0.833007813
0.833984375
0.834960938
0.8359375
0.836914063
0.837890625
0.838867188
0.83984375
0.840820313
0.841796875
0.842773438
0.84375
0.844726563
0.845703125
0.846679688
0.84765625
0.848632813
0.849609375
0.850585938
0.8515625
0.852539063
0.853515625
0.854492188
0.85546875
0.856445313
0.857421875
0.858398438
0.859375
0.860351563
0.861328125
0.862304688
0.86328125
0.864257813
0.865234375
0.866210938
0.8671875
0.868164063
0.869140625
0.870117188
0.87109375
0.872070313
0.873046875
0.874023438
0.875
0.875976563
0.876953125
0.877929688
0.87890625
0.879882813
0.880859375
0.881835938
0.8828125
0.883789063
0.884765625
0.885742188
0.88671875
0.887695313
0.888671875
0.889648438
0.890625
0.891601563
0.892578125
0.893554688
0.89453125
0.895507813
0.896484375
0.897460938
0.8984375
0.899414063
0.900390625
0.901367188
0.90234375
0.903320313
0.904296875
0.905273438
0.90625
0.907226563
0.908203125
0.909179688
0.91015625
0.911132813
0.912109375
0.913085938
0.9140625
0.915039063
0.916015625
0.916992188
0.91796875
0.918945313
0.919921875
0.920898438
0.921875
0.922851563
0.923828125
0.924804688
0.92578125
0.926757813
0.927734375
0.928710938
0.9296875
0.930664063
0.931640625
0.932617188
0.93359375
0.934570313
0.935546875
0.936523438
0.9375
0.938476563
0.939453125
0.940429688
0.94140625
0.942382813
0.943359375
0.944335938
0.9453125
0.946289063
0.947265625
0.948242188
0.94921875
0.950195313
0.951171875
0.952148438
0.953125
0.954101563
0.955078125
0.956054688
0.95703125
0.958007813
0.958984375
0.959960938
0.9609375
0.961914063
0.962890625
0.963867188
0.96484375
0.965820313
0.966796875
0.967773438
0.96875
0.969726563
0.970703125
0.971679688
0.97265625
0.973632813
0.974609375
0.975585938
0.9765625
0.977539063
0.978515625
0.979492188
0.98046875
0.981445313
0.982421875
0.983398438
0.984375
0.985351563
0.986328125
0.987304688
0.98828125
0.989257813
0.990234375
0.991210938
0.9921875
0.993164063
0.994140625
0.995117188
0.99609375
0.997070313
0.998046875
0.999023438
1