0
0.00153398
0.003067957
0.004601926
0.006135885
0.007669829
0.009203755
0.010737659
0.012271538
0.013805389
0.015339206
0.016872988
0.01840673
0.019940429
0.02147408
0.023007681
0.024541229
0.026074718
0.027608146
0.029141509
0.030674803
0.032208025
0.033741172
0.035274239
0.036807223
0.03834012
0.039872928
0.041405641
0.042938257
0.044470772
0.046003182
0.047535484
0.049067674
0.050599749
0.052131705
0.053663538
0.055195244
0.056726821
0.058258265
0.059789571
0.061320736
0.062851758
0.064382631
0.065913353
0.06744392
0.068974328
0.070504573
0.072034653
0.073564564
0.075094301
0.076623861
0.078153242
0.079682438
0.081211447
0.082740265
0.084268888
0.085797312
0.087325535
0.088853553
0.090381361
0.091908956
0.093436336
0.094963495
0.096490431
0.09801714
0.099543619
0.101069863
0.102595869
0.104121634
0.105647154
0.107172425
0.108697444
0.110222207
0.111746711
0.113270952
0.114794927
0.116318631
0.117842062
0.119365215
0.120888087
0.122410675
0.123932975
0.125454983
0.126976696
0.128498111
0.130019223
0.131540029
0.133060525
0.134580709
0.136100575
0.137620122
0.139139344
0.140658239
0.142176804
0.143695033
0.145212925
0.146730474
0.148247679
0.149764535
0.151281038
0.152797185
0.154312973
0.155828398
0.157343456
0.158858143
0.160372457
0.161886394
0.163399949
0.16491312
0.166425904
0.167938295
0.169450291
0.170961889
0.172473084
0.173983873
0.175494253
0.17700422
0.178513771
0.180022901
0.181531608
0.183039888
0.184547737
0.186055152
0.187562129
0.189068664
0.190574755
0.192080397
0.193585587
0.195090322
0.196594598
0.198098411
0.199601758
0.201104635
0.202607039
0.204108966
0.205610413
0.207111376
0.208611852
0.210111837
0.211611327
0.21311032
0.214608811
0.216106797
0.217604275
0.21910124
0.22059769
0.222093621
0.223589029
0.225083911
0.226578264
0.228072083
0.229565366
0.231058108
0.232550307
0.234041959
0.235533059
0.237023606
0.238513595
0.240003022
0.241491885
0.24298018
0.244467903
0.24595505
0.247441619
0.248927606
0.250413007
0.251897818
0.253382037
0.25486566
0.256348682
0.257831102
0.259312915
0.260794118
0.262274707
0.263754679
0.26523403
0.266712757
0.268190857
0.269668326
0.27114516
0.272621355
0.27409691
0.275571819
0.27704608
0.278519689
0.279992643
0.281464938
0.28293657
0.284407537
0.285877835
0.28734746
0.288816408
0.290284677
0.291752263
0.293219163
0.294685372
0.296150888
0.297615707
0.299079826
0.300543241
0.302005949
0.303467947
0.30492923
0.306389795
0.30784964
0.30930876
0.310767153
0.312224814
0.31368174
0.315137929
0.316593376
0.318048077
0.319502031
0.320955232
0.322407679
0.323859367
0.325310292
0.326760452
0.328209844
0.329658463
0.331106306
0.33255337
0.333999651
0.335445147
0.336889853
0.338333767
0.339776884
0.341219202
0.342660717
0.344101426
0.345541325
0.346980411
0.34841868
0.34985613
0.351292756
0.352728556
0.354163525
0.355597662
0.357030961
0.358463421
0.359895037
0.361325806
0.362755724
0.36418479
0.365612998
0.367040346
0.36846683
0.369892447
0.371317194
0.372741067
0.374164063
0.375586178
0.37700741
0.378427755
0.379847209
0.381265769
0.382683432
0.384100195
0.385516054
0.386931006
0.388345047
0.389758174
0.391170384
0.392581674
0.39399204
0.395401479
0.396809987
0.398217562
0.3996242
0.401029897
0.402434651
0.403838458
0.405241314
0.406643217
0.408044163
0.409444149
0.410843171
0.412241227
0.413638312
0.415034424
0.41642956
0.417823716
0.419216888
0.420609074
0.422000271
0.423390474
0.424779681
0.426167889
0.427555093
0.428941292
0.430326481
0.431710658
0.433093819
0.434475961
0.43585708
0.437237174
0.438616239
0.439994271
0.441371269
0.442747228
0.444122145
0.445496017
0.44686884
0.448240612
0.44961133
0.450980989
0.452349587
0.453717121
0.455083587
0.456448982
0.457813304
0.459176548
0.460538711
0.461899791
0.463259784
0.464618686
0.465976496
0.467333209
0.468688822
0.470043332
0.471396737
0.472749032
0.474100215
0.475450282
0.47679923
0.478147056
0.479493758
0.480839331
0.482183772
0.483527079
0.484869248
0.486210276
0.48755016
0.488888897
0.490226483
0.491562916
0.492898192
0.494232309
0.495565262
0.496897049
0.498227667
0.499557113
0.500885383
0.502212474
0.503538384
0.504863109
0.506186645
0.507508991
0.508830143
0.510150097
0.51146885
0.512786401
0.514102744
0.515417878
0.516731799
0.518044504
0.51935599
0.520666254
0.521975293
0.523283103
0.524589683
0.525895027
0.527199135
0.528502002
0.529803625
0.531104001
0.532403128
0.533701002
0.53499762
0.536292979
0.537587076
0.538879909
0.540171473
0.541461766
0.542750785
0.544038527
0.545324988
0.546610167
0.547894059
0.549176662
0.550457973
0.551737988
0.553016706
0.554294121
0.555570233
0.556845037
0.558118531
0.559390712
0.560661576
0.561931121
0.563199344
0.564466242
0.565731811
0.566996049
0.568258953
0.569520519
0.570780746
0.572039629
0.573297167
0.574553355
0.575808191
0.577061673
0.578313796
0.579564559
0.580813958
0.58206199
0.583308653
0.584553943
0.585797857
0.587040394
0.588281548
0.589521319
0.590759702
0.591996695
0.593232295
0.594466499
0.595699304
0.596930708
0.598160707
0.599389298
0.600616479
0.601842247
0.603066599
0.604289531
0.605511041
0.606731127
0.607949785
0.609167012
0.610382806
0.611597164
0.612810082
0.614021559
0.615231591
0.616440175
0.617647308
0.618852988
0.620057212
0.621259977
0.622461279
0.623661118
0.624859488
0.626056388
0.627251815
0.628445767
0.629638239
0.63082923
0.632018736
0.633206755
0.634393284
0.63557832
0.636761861
0.637943904
0.639124445
0.640303482
0.641481013
0.642657034
0.643831543
0.645004537
0.646176013
0.647345969
0.648514401
0.649681307
0.650846685
0.652010531
0.653172843
0.654333618
0.655492853
0.656650546
0.657806693
0.658961293
0.660114342
0.661265838
0.662415778
0.663564159
0.664710978
0.665856234
0.666999922
0.668142041
0.669282588
0.67042156
0.671558955
0.672694769
0.673829
0.674961646
0.676092704
0.67722217
0.678350043
0.67947632
0.680600998
0.681724074
0.682845546
0.683965412
0.685083668
0.686200312
0.687315341
0.688428753
0.689540545
0.690650714
0.691759258
0.692866175
0.693971461
0.695075114
0.696177131
0.697277511
0.698376249
0.699473345
0.700568794
0.701662595
0.702754744
0.703845241
0.70493408
0.706021261
0.707106781
0.708190637
0.709272826
0.710353347
0.711432196
0.712509371
0.713584869
0.714658688
0.715730825
0.716801279
0.717870045
0.718937122
0.720002508
0.721066199
0.722128194
0.723188489
0.724247083
0.725303972
0.726359155
0.727412629
0.72846439
0.729514438
0.730562769
0.731609381
0.732654272
0.733697438
0.734738878
0.735778589
0.736816569
0.737852815
0.738887324
0.739920095
0.740951125
0.741980412
0.743007952
0.744033744
0.745057785
0.746080074
0.747100606
0.74811938
0.749136395
0.750151646
0.751165132
0.75217685
0.753186799
0.754194975
0.755201377
0.756206001
0.757208847
0.75820991
0.759209189
0.760206682
0.761202385
0.762196298
0.763188417
0.764178741
0.765167266
0.76615399
0.767138912
0.768122029
0.769103338
0.770082837
0.771060524
0.772036397
0.773010453
0.773982691
0.774953107
0.775921699
0.776888466
0.777853404
0.778816512
0.779777788
0.780737229
0.781694832
0.782650596
0.783604519
0.784556597
0.78550683
0.786455214
0.787401747
0.788346428
0.789289253
0.790230221
0.79116933
0.792106577
0.79304196
0.793975478
0.794907126
0.795836905
0.79676481
0.797690841
0.798614995
0.799537269
0.800457662
0.801376172
0.802292796
0.803207531
0.804120377
0.805031331
0.805940391
0.806847554
0.807752818
0.808656182
0.809557642
0.810457198
0.811354847
0.812250587
0.813144415
0.81403633
0.814926329
0.815814411
0.816700573
0.817584813
0.81846713
0.81934752
0.820225983
0.821102515
0.821977115
0.822849781
0.823720511
0.824589303
0.825456154
0.826321063
0.827184027
0.828045045
0.828904115
0.829761234
0.8306164
0.831469612
0.832320868
0.833170165
0.834017501
0.834862875
0.835706284
0.836547727
0.837387202
0.838224706
0.839060237
0.839893794
0.840725375
0.841554977
0.8423826
0.84320824
0.844031895
0.844853565
0.845673247
0.846490939
0.847306639
0.848120345
0.848932055
0.849741768
0.850549481
0.851355193
0.852158902
0.852960605
0.853760301
0.854557988
0.855353665
0.856147328
0.856938977
0.85772861
0.858516224
0.859301818
0.86008539
0.860866939
0.861646461
0.862423956
0.863199422
0.863972856
0.864744258
0.865513624
0.866280954
0.867046246
0.867809497
0.868570706
0.869329871
0.870086991
0.870842063
0.871595087
0.872346059
0.873094978
0.873841843
0.874586652
0.875329403
0.876070094
0.876808724
0.87754529
0.878279792
0.879012226
0.879742593
0.880470889
0.881197113
0.881921264
0.88264334
0.883363339
0.884081259
0.884797098
0.885510856
0.88622253
0.886932119
0.88763962
0.888345033
0.889048356
0.889749586
0.890448723
0.891145765
0.891840709
0.892533555
0.893224301
0.893912945
0.894599486
0.895283921
0.89596625
0.89664647
0.897324581
0.89800058
0.898674466
0.899346237
0.900015892
0.900683429
0.901348847
0.902012144
0.902673318
0.903332368
0.903989293
0.904644091
0.905296759
0.905947298
0.906595705
0.907241978
0.907886116
0.908528119
0.909167983
0.909805708
0.910441292
0.911074734
0.911706032
0.912335185
0.91296219
0.913587048
0.914209756
0.914830312
0.915448716
0.916064966
0.91667906
0.917290997
0.917900776
0.918508394
0.919113852
0.919717146
0.920318277
0.920917242
0.921514039
0.922108669
0.922701128
0.923291417
0.923879533
0.924465474
0.925049241
0.925630831
0.926210242
0.926787474
0.927362526
0.927935395
0.92850608
0.929074581
0.929640896
0.930205023
0.930766961
0.931326709
0.931884266
0.932439629
0.932992799
0.933543773
0.93409255
0.93463913
0.93518351
0.935725689
0.936265667
0.936803442
0.937339012
0.937872376
0.938403534
0.938932484
0.939459224
0.939983753
0.940506071
0.941026175
0.941544065
0.94205974
0.942573198
0.943084437
0.943593458
0.944100258
0.944604837
0.945107193
0.945607325
0.946105232
0.946600913
0.947094366
0.947585591
0.948074586
0.94856135
0.949045882
0.949528181
0.950008245
0.950486074
0.950961666
0.951435021
0.951906137
0.952375013
0.952841648
0.95330604
0.95376819
0.954228095
0.954685755
0.955141168
0.955594334
0.956045251
0.956493919
0.956940336
0.957384501
0.957826413
0.958266071
0.958703475
0.959138622
0.959571513
0.960002146
0.960430519
0.960856633
0.961280486
0.961702077
0.962121404
0.962538468
0.962953267
0.9633658
0.963776066
0.964184064
0.964589793
0.964993253
0.965394442
0.965793359
0.966190003
0.966584374
0.966976471
0.967366292
0.967753837
0.968139105
0.968522094
0.968902805
0.969281235
0.969657385
0.970031253
0.970402839
0.970772141
0.971139158
0.971503891
0.971866337
0.972226497
0.972584369
0.972939952
0.973293246
0.97364425
0.973992962
0.974339383
0.974683511
0.975025345
0.975364885
0.97570213
0.976037079
0.976369731
0.976700086
0.977028143
0.9773539
0.977677358
0.977998515
0.978317371
0.978633924
0.978948175
0.979260123
0.979569766
0.979877104
0.980182136
0.980484862
0.98078528
0.981083391
0.981379193
0.981672686
0.981963869
0.982252741
0.982539302
0.982823551
0.983105487
0.98338511
0.983662419
0.983937413
0.984210092
0.984480455
0.984748502
0.985014231
0.985277642
0.985538735
0.985797509
0.986053963
0.986308097
0.98655991
0.986809402
0.987056571
0.987301418
0.987543942
0.987784142
0.988022017
0.988257568
0.988490793
0.988721692
0.988950265
0.98917651
0.989400428
0.989622017
0.989841278
0.99005821
0.990272812
0.990485084
0.990695025
0.990902635
0.991107914
0.99131086
0.991511473
0.991709754
0.9919057
0.992099313
0.992290591
0.992479535
0.992666142
0.992850414
0.99303235
0.993211949
0.993389211
0.993564136
0.993736722
0.99390697
0.994074879
0.994240449
0.99440368
0.994564571
0.994723121
0.994879331
0.995033199
0.995184727
0.995333912
0.995480755
0.995625256
0.995767414
0.995907229
0.996044701
0.996179829
0.996312612
0.996443051
0.996571146
0.996696895
0.996820299
0.996941358
0.99706007
0.997176437
0.997290457
0.99740213
0.997511456
0.997618435
0.997723067
0.99782535
0.997925286
0.998022874
0.998118113
0.998211003
0.998301545
0.998389737
0.998475581
0.998559074
0.998640218
0.998719012
0.998795456
0.99886955
0.998941293
0.999010686
0.999077728
0.999142419
0.999204759
0.999264747
0.999322385
0.99937767
0.999430605
0.999481187
0.999529418
0.999575296
0.999618822
0.999659997
0.999698819
0.999735288
0.999769405
0.99980117
0.999830582
0.999857641
0.999882347
0.999904701
0.999924702
0.99994235
0.999957645
0.999970586
0.999981175
0.999989411
0.999995294
0.999998823
1