0.018810086
0.021409619
0.023987413
0.026543764
0.029078961
0.031593289
0.034087026
0.036560449
0.039013827
0.041447424
0.043861501
0.046256315
0.048632116
0.050989152
0.053327666
0.055647896
0.057950078
0.060234442
0.062501215
0.06475062
0.066982877
0.069198201
0.071396804
0.073578895
0.07574468
0.07789436
0.080028133
0.082146196
0.08424874
0.086335955
0.088408026
0.090465137
0.092507467
0.094535196
0.096548496
0.098547539
0.100532496
0.102503532
0.104460811
0.106404495
0.108334743
0.110251711
0.112155553
0.114046421
0.115924464
0.11778983
0.119642663
0.121483107
0.123311302
0.125127387
0.126931498
0.128723769
0.130504334
0.132273323
0.134030864
0.135777085
0.13751211
0.139236062
0.140949064
0.142651234
0.144342691
0.14602355
0.147693928
0.149353936
0.151003686
0.152643287
0.15427285
0.155892479
0.157502281
0.159102359
0.160692816
0.162273752
0.163845269
0.165407463
0.166960433
0.168504272
0.170039077
0.17156494
0.173081953
0.174590207
0.176089791
0.177580793
0.179063301
0.1805374
0.182003175
0.18346071
0.184910088
0.18635139
0.187784697
0.189210088
0.190627642
0.192037435
0.193439545
0.194834047
0.196221016
0.197600524
0.198972646
0.200337452
0.201695013
0.203045399
0.20438868
0.205724923
0.207054197
0.208376567
0.209692099
0.211000859
0.21230291
0.213598316
0.21488714
0.216169442
0.217445286
0.218714729
0.219977834
0.221234657
0.222485259
0.223729695
0.224968024
0.226200301
0.227426581
0.22864692
0.229861373
0.231069992
0.23227283
0.233469941
0.234661375
0.235847184
0.237027419
0.238202129
0.239371365
0.240535174
0.241693606
0.242846708
0.243994528
0.245137111
0.246274505
0.247406755
0.248533907
0.249656004
0.250773091
0.251885213
0.252992412
0.25409473
0.255192211
0.256284896
0.257372826
0.258456043
0.259534586
0.260608497
0.261677814
0.262742577
0.263802825
0.264858595
0.265909927
0.266956857
0.267999423
0.269037662
0.270071609
0.271101302
0.272126775
0.273148064
0.274165204
0.275178229
0.276187174
0.277192073
0.278192959
0.279189865
0.280182824
0.281171868
0.28215703
0.283138342
0.284115835
0.28508954
0.286059489
0.287025711
0.287988238
0.288947098
0.289902323
0.290853941
0.291801981
0.292746472
0.293687444
0.294624923
0.295558938
0.296489518
0.297416688
0.298340477
0.299260911
0.300178018
0.301091823
0.302002353
0.302909634
0.303813691
0.30471455
0.305612235
0.306506773
0.307398188
0.308286504
0.309171746
0.310053937
0.310933102
0.311809263
0.312682446
0.313552672
0.314419964
0.315284346
0.316145841
0.317004469
0.317860254
0.318713218
0.319563382
0.320410768
0.321255396
0.32209729
0.322936469
0.323772954
0.324606766
0.325437925
0.326266452
0.327092366
0.327915688
0.328736438
0.329554634
0.330370297
0.331183445
0.331994099
0.332802275
0.333607994
0.334411275
0.335212134
0.336010591
0.336806664
0.337600371
0.338391729
0.339180757
0.339967472
0.340751891
0.341534031
0.34231391
0.343091544
0.343866951
0.344640147
0.345411148
0.346179971
0.346946633
0.347711149
0.348473536
0.349233809
0.349991984
0.350748077
0.351502103
0.352254078
0.353004017
0.353751935
0.354497847
0.355241768
0.355983713
0.356723697
0.357461733
0.358197838
0.358932024
0.359664306
0.360394699
0.361123216
0.361849871
0.362574678
0.363297651
0.364018804
0.364738149
0.365455701
0.366171472
0.366885475
0.367597725
0.368308234
0.369017014
0.369724079
0.370429441
0.371133113
0.371835108
0.372535438
0.373234115
0.373931151
0.374626559
0.375320351
0.376012539
0.376703135
0.37739215
0.378079597
0.378765487
0.379449831
0.380132642
0.38081393
0.381493707
0.382171985
0.382848774
0.383524085
0.38419793
0.38487032
0.385541265
0.386210776
0.386878864
0.38754554
0.388210815
0.388874698
0.389537201
0.390198333
0.390858105
0.391516528
0.392173611
0.392829365
0.3934838
0.394136925
0.394788751
0.395439288
0.396088545
0.396736532
0.397383259
0.398028735
0.39867297
0.399315973
0.399957755
0.400598324
0.401237689
0.401875861
0.402512847
0.403148658
0.403783302
0.404416789
0.405049127
0.405680326
0.406310393
0.406939339
0.407567172
0.408193901
0.408819533
0.409444079
0.410067546
0.410689943
0.411311279
0.411931562
0.4125508
0.413169002
0.413786176
0.41440233
0.415017472
0.415631612
0.416244755
0.416856912
0.417468089
0.418078295
0.418687538
0.419295825
0.419903165
0.420509565
0.421115033
0.421719577
0.422323204
0.422925922
0.423527739
0.424128662
0.424728699
0.425327857
0.425926144
0.426523567
0.427120133
0.42771585
0.428310725
0.428904766
0.429497979
0.430090372
0.430681952
0.431272726
0.431862701
0.432451884
0.433040283
0.433627903
0.434214753
0.434800839
0.435386168
0.435970747
0.436554582
0.437137681
0.43772005
0.438301696
0.438882626
0.439462846
0.440042363
0.440621184
0.441199315
0.441776762
0.442353533
0.442929634
0.443505071
0.444079851
0.44465398
0.445227464
0.44580031
0.446372525
0.446944114
0.447515084
0.448085441
0.448655192
0.449224342
0.449792898
0.450360866
0.450928251
0.451495062
0.452061302
0.452626979
0.453192098
0.453756666
0.454320688
0.454884171
0.455447121
0.456009542
0.456571442
0.457132827
0.457693701
0.458254071
0.458813944
0.459373324
0.459932217
0.46049063
0.461048567
0.461606036
0.462163041
0.462719588
0.463275683
0.463831332
0.464386539
0.464941312
0.465495656
0.466049575
0.466603076
0.467156165
0.467708846
0.468261126
0.46881301
0.469364503
0.469915611
0.47046634
0.471016694
0.47156668
0.472116303
0.472665568
0.47321448
0.473763046
0.47431127
0.474859158
0.475406715
0.475953947
0.476500858
0.477047455
0.477593742
0.478139725
0.478685409
0.4792308
0.479775902
0.480320721
0.480865262
0.481409531
0.481953532
0.482497271
0.483040753
0.483583983
0.484126967
0.484669709
0.485212215
0.48575449
0.486296539
0.486838368
0.48737998
0.487921382
0.488462579
0.489003575
0.489544377
0.490084988
0.490625414
0.49116566
0.491705731
0.492245633
0.492785369
0.493324947
0.493864369
0.494403642
0.49494277
0.495481759
0.496020613
0.496559338
0.497097939
0.49763642
0.498174786
0.498713044
0.499251196
0.49978925
0.500327209
0.500865078
0.501402863
0.501940569
0.5024782
0.503015762
0.503553259
0.504090697
0.50462808
0.505165413
0.505702702
0.506239951
0.506777165
0.50731435
0.50785151
0.50838865
0.508925775
0.50946289
0.51
0.51053711
0.511074225
0.51161135
0.51214849
0.51268565
0.513222835
0.513760049
0.514297298
0.514834587
0.51537192
0.515909303
0.516446741
0.516984238
0.5175218
0.518059431
0.518597137
0.519134922
0.519672791
0.52021075
0.520748804
0.521286956
0.521825214
0.52236358
0.522902061
0.523440662
0.523979387
0.524518241
0.52505723
0.525596358
0.526135631
0.526675053
0.527214631
0.527754367
0.528294269
0.52883434
0.529374586
0.529915012
0.530455623
0.530996425
0.531537421
0.532078618
0.53262002
0.533161632
0.533703461
0.53424551
0.534787785
0.535330291
0.535873033
0.536416017
0.536959247
0.537502729
0.538046468
0.538590469
0.539134738
0.539679279
0.540224098
0.5407692
0.541314591
0.541860275
0.542406258
0.542952545
0.543499142
0.544046053
0.544593285
0.545140842
0.54568873
0.546236954
0.54678552
0.547334432
0.547883697
0.54843332
0.548983306
0.54953366
0.550084389
0.550635497
0.55118699
0.551738874
0.552291154
0.552843835
0.553396924
0.553950425
0.554504344
0.555058688
0.555613461
0.556168668
0.556724317
0.557280412
0.557836959
0.558393964
0.558951433
0.55950937
0.560067783
0.560626676
0.561186056
0.561745929
0.562306299
0.562867173
0.563428558
0.563990458
0.564552879
0.565115829
0.565679312
0.566243334
0.566807902
0.567373021
0.567938698
0.568504938
0.569071749
0.569639134
0.570207102
0.570775658
0.571344808
0.571914559
0.572484916
0.573055886
0.573627475
0.57419969
0.574772536
0.57534602
0.575920149
0.576494929
0.577070366
0.577646467
0.578223238
0.578800685
0.579378816
0.579957637
0.580537154
0.581117374
0.581698304
0.58227995
0.582862319
0.583445418
0.584029253
0.584613832
0.585199161
0.585785247
0.586372097
0.586959717
0.587548116
0.588137299
0.588727274
0.589318048
0.589909628
0.590502021
0.591095234
0.591689275
0.59228415
0.592879867
0.593476433
0.594073856
0.594672143
0.595271301
0.595871338
0.596472261
0.597074078
0.597676796
0.598280423
0.598884967
0.599490435
0.600096835
0.600704175
0.601312462
0.601921705
0.602531911
0.603143088
0.603755245
0.604368388
0.604982528
0.60559767
0.606213824
0.606830998
0.6074492
0.608068438
0.608688721
0.609310057
0.609932454
0.610555921
0.611180467
0.611806099
0.612432828
0.613060661
0.613689607
0.614319674
0.614950873
0.615583211
0.616216698
0.616851342
0.617487153
0.618124139
0.618762311
0.619401676
0.620042245
0.620684027
0.62132703
0.621971265
0.622616741
0.623263468
0.623911455
0.624560712
0.625211249
0.625863075
0.6265162
0.627170635
0.627826389
0.628483472
0.629141895
0.629801667
0.630462799
0.631125302
0.631789185
0.63245446
0.633121136
0.633789224
0.634458735
0.63512968
0.63580207
0.636475915
0.637151226
0.637828015
0.638506293
0.63918607
0.639867358
0.640550169
0.641234513
0.641920403
0.64260785
0.643296865
0.643987461
0.644679649
0.645373441
0.646068849
0.646765885
0.647464562
0.648164892
0.648866887
0.649570559
0.650275921
0.650982986
0.651691766
0.652402275
0.653114525
0.653828528
0.654544299
0.655261851
0.655981196
0.656702349
0.657425322
0.658150129
0.658876784
0.659605301
0.660335694
0.661067976
0.661802162
0.662538267
0.663276303
0.664016287
0.664758232
0.665502153
0.666248065
0.666995983
0.667745922
0.668497897
0.669251923
0.670008016
0.670766191
0.671526464
0.672288851
0.673053367
0.673820029
0.674588852
0.675359853
0.676133049
0.676908456
0.67768609
0.678465969
0.679248109
0.680032528
0.680819243
0.681608271
0.682399629
0.683193336
0.683989409
0.684787866
0.685588725
0.686392006
0.687197725
0.688005901
0.688816555
0.689629703
0.690445366
0.691263562
0.692084312
0.692907634
0.693733548
0.694562075
0.695393234
0.696227046
0.697063531
0.69790271
0.698744604
0.699589232
0.700436618
0.701286782
0.702139746
0.702995531
0.703854159
0.704715654
0.705580036
0.706447328
0.707317554
0.708190737
0.709066898
0.709946063
0.710828254
0.711713496
0.712601812
0.713493227
0.714387765
0.71528545
0.716186309
0.717090366
0.717997647
0.718908177
0.719821982
0.720739089
0.721659523
0.722583312
0.723510482
0.724441062
0.725375077
0.726312556
0.727253528
0.728198019
0.729146059
0.730097677
0.731052902
0.732011762
0.732974289
0.733940511
0.73491046
0.735884165
0.736861658
0.73784297
0.738828132
0.739817176
0.740810135
0.741807041
0.742807927
0.743812826
0.744821771
0.745834796
0.746851936
0.747873225
0.748898698
0.749928391
0.750962338
0.752000577
0.753043143
0.754090073
0.755141405
0.756197175
0.757257423
0.758322186
0.759391503
0.760465414
0.761543957
0.762627174
0.763715104
0.764807789
0.76590527
0.767007588
0.768114787
0.769226909
0.770343996
0.771466093
0.772593245
0.773725495
0.774862889
0.776005472
0.777153292
0.778306394
0.779464826
0.780628635
0.781797871
0.782972581
0.784152816
0.785338625
0.786530059
0.78772717
0.788930008
0.790138627
0.79135308
0.792573419
0.793799699
0.795031976
0.796270305
0.797514741
0.798765343
0.800022166
0.801285271
0.802554714
0.803830558
0.80511286
0.806401684
0.80769709
0.808999141
0.810307901
0.811623433
0.812945803
0.814275077
0.81561132
0.816954601
0.818304987
0.819662548
0.821027354
0.822399476
0.823778984
0.825165953
0.826560455
0.827962565
0.829372358
0.830789912
0.832215303
0.83364861
0.835089912
0.83653929
0.837996825
0.8394626
0.840936699
0.842419207
0.843910209
0.845409793
0.846918047
0.84843506
0.849960923
0.851495728
0.853039567
0.854592537
0.856154731
0.857726248
0.859307184
0.860897641
0.862497719
0.864107521
0.86572715
0.867356713
0.868996314
0.870646064
0.872306072
0.87397645
0.875657309
0.877348766
0.879050936
0.880763938
0.88248789
0.884222915
0.885969136
0.887726677
0.889495666
0.891276231
0.893068502
0.894872613
0.896688698
0.898516893
0.900357337
0.90221017
0.904075536
0.905953579
0.907844447
0.909748289
0.911665257
0.913595505
0.915539189
0.917496468
0.919467504
0.921452461
0.923451504
0.925464804
0.927492533
0.929534863
0.931591974
0.933664045
0.93575126
0.937853804
0.939971867
0.94210564
0.94425532
0.946421105
0.948603196
0.950801799
0.953017123
0.95524938
0.957498785
0.959765558
0.962049922
0.964352104
0.966672334
0.969010848
0.971367884
0.973743685
0.976138499
0.978552576
0.980986173
0.983439551
0.985912974
0.988406711
0.990921039
0.993456236
0.996012587
0.998590381
1.001189914